Year	Hurricane	Category	Pressure (mb)	Wind Speed (mph)
----------------------------------------------------------------
2000    Alberto      2              950          126.59
2000    Debby        1              991           86.31
2000    Florence     1              985           80.55
2000    Gordon       1              981           80.55
2000    Isaac        3              943          138.09
2000    Joyce        1              975           92.06
2000    Keith        3              939          138.09
2000    Michael      1              965           97.82
2001    Erin         2              968          120.83
2001    Felix        2              962          115.08
2001    Gabrielle    1              975           80.55
2001    Humberto     1              970          103.57
2001    Iris         3              948          143.85
2001    Karen        1              982           80.55
2001    Michelle     3              933          138.09
2001    Noel         1              986           74.80
2001    Olga         1              973           92.06
2002    Gustav       1              960           92.06
2002    Isidore      2              934          126.59
2002    Kyle         1              980           86.31
2002    Lili         3              938          143.85
2003    Claudette    1              979           92.06
2003    Danny        1             1000           74.80
2003    Erika        1              986           74.80
2003    Fabian       3              939          143.85
2003    Isabel       4              915          166.86
2003    Juan         1              969          103.57
2003    Kate         2              952          126.59
2004    Alex         2              957          120.83
2004    Charley      4              941          149.60
2004    Danielle     1              964          109.32
2004    Frances      3              935          143.85
2004    Gaston       1              985           74.80
2004    Ivan         4              910          166.86
2004    Jeanne       2              950          120.83
2004    Karl         3              938          143.85
2004    Lisa         1              987           74.80
----------------------------------------------------------------
Average:             1.86        960.68          111.50
Minimum:             1              910           74.80
Maximum:             4             1000          166.86
